8.000000000000000444e-01 0.000000000000000000e+00
9.000000000000000222e-01 4.105293635900706295e-08
1.000000000000000000e+00 7.211316399580169900e-08
1.100000000000000089e+00 2.188974413851564057e-07
1.199999999999999956e+00 5.616087719872986384e-07
1.300000000000000044e+00 1.168621735534959843e-06
1.399999999999999911e+00 2.590046253501756214e-06
1.500000000000000000e+00 4.171987930308891826e-06
1.600000000000000089e+00 7.167320299344970280e-06
1.699999999999999956e+00 1.451352545942138466e-05
1.800000000000000044e+00 2.535577305790632141e-05
1.899999999999999911e+00 4.841281946870402492e-05
2.000000000000000000e+00 1.025404955702913234e-04
2.100000000000000089e+00 1.955802709053240467e-04
2.200000000000000178e+00 4.599290012892064063e-04
2.299999999999999822e+00 2.231831180003932859e-03
2.399999999999999911e+00 1.403303810882457724e-02
2.500000000000000000e+00 1.276827738141613801e-02
2.600000000000000089e+00 5.748922154467717323e-03
2.700000000000000178e+00 3.052804139601105089e-03
2.799999999999999822e+00 2.023992221129921297e-03
2.899999999999999911e+00 1.158140325291589666e-03
3.000000000000000000e+00 1.271265539596227014e-03
3.100000000000000089e+00 1.606350828718007290e-03
3.200000000000000178e+00 3.167177055137329351e-04
3.299999999999999822e+00 3.928119987165686099e-04
3.399999999999999911e+00 2.856452140104799716e-04
3.500000000000000000e+00 9.689644820703528219e-04
3.600000000000000089e+00 2.484994203503867213e-04
3.700000000000000178e+00 1.789418760610643022e-04
3.799999999999999822e+00 3.076894943245842918e-04
3.899999999999999911e+00 2.579240233717522662e-04
4.000000000000000000e+00 1.527249325805918215e-04
