8.000000000000000444e-01 1.000000000000000000e+00
9.000000000000000222e-01 9.999599448897794618e-01
1.000000000000000000e+00 9.998598321643287212e-01
1.100000000000000089e+00 9.995694451402804548e-01
1.199999999999999956e+00 9.990590618737474893e-01
1.300000000000000044e+00 9.980084794589179076e-01
1.399999999999999911e+00 9.960840149048096892e-01
1.500000000000000000e+00 9.918671968937875505e-01
1.600000000000000089e+00 9.856570578657315451e-01
1.699999999999999956e+00 9.775882483717432958e-01
1.800000000000000044e+00 9.635892722945892386e-01
1.899999999999999911e+00 9.421241639529057688e-01
2.000000000000000000e+00 9.141446862474950086e-01
2.100000000000000089e+00 8.687542835671343555e-01
2.200000000000000178e+00 7.970873841432866147e-01
2.299999999999999822e+00 6.632421593186372810e-01
2.399999999999999911e+00 3.396669777054107664e-01
2.500000000000000000e+00 9.184285445891782196e-02
2.600000000000000089e+00 4.326123496993988099e-02
2.700000000000000178e+00 2.360538264028055888e-02
2.799999999999999822e+00 1.692223822645290421e-02
2.899999999999999911e+00 7.960239228456914007e-03
3.000000000000000000e+00 6.795334418837675576e-03
3.100000000000000089e+00 6.322125501002004259e-03
3.200000000000000178e+00 6.389159569138276595e-03
3.299999999999999822e+00 3.754718812625250715e-03
3.399999999999999911e+00 2.932756137274549705e-03
3.500000000000000000e+00 5.319332414829659739e-03
3.600000000000000089e+00 4.647554483967935961e-03
3.700000000000000178e+00 3.343004759519038489e-03
3.799999999999999822e+00 2.755911823647294676e-03
3.899999999999999911e+00 3.854054984969939798e-03
4.000000000000000000e+00 4.771806112224449316e-03
