8.000000000000000444e-01 3.906234502526473307e-09
9.000000000000000222e-01 0.000000000000000000e+00
1.000000000000000000e+00 5.181957085653721151e-08
1.100000000000000089e+00 1.137271808040261209e-07
1.199999999999999956e+00 2.785610465442604480e-07
1.300000000000000044e+00 7.283431516876739860e-07
1.399999999999999911e+00 1.212129383214894774e-06
1.500000000000000000e+00 2.809183831923670833e-06
1.600000000000000089e+00 5.003133144998450632e-06
1.699999999999999956e+00 8.557600583648713864e-06
1.800000000000000044e+00 1.440601783617465281e-05
1.899999999999999911e+00 3.137789263804445532e-05
2.000000000000000000e+00 5.061032008896182433e-05
2.100000000000000089e+00 7.291539969901341843e-05
2.200000000000000178e+00 1.519886705914075264e-04
2.299999999999999822e+00 3.171226460064108309e-04
2.399999999999999911e+00 2.023896030203300219e-03
2.500000000000000000e+00 1.555692597118081208e-02
2.600000000000000089e+00 1.081957497351725833e-02
2.700000000000000178e+00 5.925812412139651320e-03
2.799999999999999822e+00 4.003236876522872807e-03
2.899999999999999911e+00 2.077277992513256247e-03
3.000000000000000000e+00 9.901349208102242297e-04
3.100000000000000089e+00 1.201231228861499717e-03
3.200000000000000178e+00 8.042417265015999002e-04
3.299999999999999822e+00 7.504149460030160772e-04
3.399999999999999911e+00 7.179886377434819634e-04
3.500000000000000000e+00 2.671731740033173952e-04
3.600000000000000089e+00 7.117686302241537808e-04
3.700000000000000178e+00 8.098549913562702292e-04
3.799999999999999822e+00 1.818957831811708549e-04
3.899999999999999911e+00 2.026391337991742233e-04
4.000000000000000000e+00 3.943284301569074859e-04
