8.000000000000000444e-01 9.999949931112225299e-01
9.000000000000000222e-01 9.999949931112225299e-01
1.000000000000000000e+00 9.999399173346693592e-01
1.100000000000000089e+00 9.998197645290580748e-01
1.199999999999999956e+00 9.995144319889778250e-01
1.300000000000000044e+00 9.987086923847696696e-01
1.399999999999999911e+00 9.973684681863727031e-01
1.500000000000000000e+00 9.951949179609218543e-01
1.600000000000000089e+00 9.907611034569137054e-01
1.699999999999999956e+00 9.851041301352704282e-01
1.800000000000000044e+00 9.749858341683367291e-01
1.899999999999999911e+00 9.620713301603206480e-01
2.000000000000000000e+00 9.407649830911822830e-01
2.100000000000000089e+00 9.101985377004008226e-01
2.200000000000000178e+00 8.684468061122244675e-01
2.299999999999999822e+00 7.942656531813627740e-01
2.399999999999999911e+00 6.853488539579157823e-01
2.500000000000000000e+00 4.758517691633266655e-01
2.600000000000000089e+00 1.273416739729458791e-01
2.700000000000000178e+00 4.705280247995991677e-02
2.799999999999999822e+00 1.910887086673346627e-02
2.899999999999999911e+00 1.412904872244489206e-02
3.000000000000000000e+00 1.432165894288577046e-02
3.100000000000000089e+00 8.396157940881764439e-03
3.200000000000000178e+00 7.753510145290580698e-03
3.299999999999999822e+00 9.444445140280560702e-03
3.399999999999999911e+00 8.814234719438877180e-03
3.500000000000000000e+00 6.174398797595189760e-03
3.600000000000000089e+00 1.025613727454909724e-02
3.700000000000000178e+00 5.250501002004008370e-03
3.799999999999999822e+00 4.538887149298596185e-03
3.899999999999999911e+00 2.634475200400801694e-03
4.000000000000000000e+00 3.355673847695390434e-03
