8.000000000000000444e-01 3.906234502526473307e-09
9.000000000000000222e-01 2.062408046812593920e-08
1.000000000000000000e+00 4.555704580244679391e-08
1.100000000000000089e+00 1.690391166436261705e-07
1.199999999999999956e+00 3.677507819562405561e-07
1.300000000000000044e+00 8.199109796231267679e-07
1.399999999999999911e+00 2.068336501197849020e-06
1.500000000000000000e+00 3.599968808609688153e-06
1.600000000000000089e+00 6.776790994339476626e-06
1.699999999999999956e+00 9.575668784175328109e-06
1.800000000000000044e+00 2.078457599906534509e-05
1.899999999999999911e+00 3.672542585445757134e-05
2.000000000000000000e+00 5.588349795782043827e-05
2.100000000000000089e+00 1.254609192140915979e-04
2.200000000000000178e+00 2.881657489692016029e-04
2.299999999999999822e+00 7.313020492934016892e-04
2.399999999999999911e+00 6.175685931607693968e-03
2.500000000000000000e+00 1.617056274874396557e-02
2.600000000000000089e+00 7.871496253838030852e-03
2.700000000000000178e+00 3.778898650302907596e-03
2.799999999999999822e+00 2.861399809890322488e-03
2.899999999999999911e+00 1.555624902108827985e-03
3.000000000000000000e+00 8.429411177063543667e-04
3.100000000000000089e+00 1.558886908862006700e-03
3.200000000000000178e+00 8.824592760169644272e-04
3.299999999999999822e+00 7.879912296202296615e-04
3.399999999999999911e+00 7.880361653106992539e-04
3.500000000000000000e+00 6.417932701934066968e-04
3.600000000000000089e+00 2.449786569353359618e-04
3.700000000000000178e+00 5.775084772534836005e-04
3.799999999999999822e+00 3.099371767213364415e-04
3.899999999999999911e+00 4.656750973042124062e-04
4.000000000000000000e+00 1.093819998463861339e-04
