8.000000000000000444e-01 1.000000000000000000e+00
9.000000000000000222e-01 9.999799787074148405e-01
1.000000000000000000e+00 9.999349104458918891e-01
1.100000000000000089e+00 9.997096442885772261e-01
1.199999999999999956e+00 9.993442290831663355e-01
1.300000000000000044e+00 9.984586297595192672e-01
1.399999999999999911e+00 9.967886460420841699e-01
1.500000000000000000e+00 9.937827968436874215e-01
1.600000000000000089e+00 9.882068355460920106e-01
1.699999999999999956e+00 9.809131575651303114e-01
1.800000000000000044e+00 9.693474480210421129e-01
1.899999999999999911e+00 9.525192009018036421e-01
2.000000000000000000e+00 9.285229646793587976e-01
2.100000000000000089e+00 8.927532565130260611e-01
2.200000000000000178e+00 8.409409130761522633e-01
2.299999999999999822e+00 7.434420309368736657e-01
2.399999999999999911e+00 5.818025832915831863e-01
2.500000000000000000e+00 2.000313063627254528e-01
2.600000000000000089e+00 5.583889028056112508e-02
2.700000000000000178e+00 2.837417647795591191e-02
2.799999999999999822e+00 1.774258517034067728e-02
2.899999999999999911e+00 9.641266908817634762e-03
3.000000000000000000e+00 8.756406563126253526e-03
3.100000000000000089e+00 8.751640781563124749e-03
3.200000000000000178e+00 5.946799849699398524e-03
3.299999999999999822e+00 5.137853832665331168e-03
3.399999999999999911e+00 5.256121618236474051e-03
3.500000000000000000e+00 2.808755010020039938e-03
3.600000000000000089e+00 5.387913326653306217e-03
3.700000000000000178e+00 3.827470566132265117e-03
3.799999999999999822e+00 5.973869614228456866e-03
3.899999999999999911e+00 6.746098446893787452e-03
4.000000000000000000e+00 2.799048096192384948e-03
